00 AA 55 66 44 00 8A DA 7C 04 FF AA 55 66 44 00 8A DA 7C 04 FF 
AA 55 01 30 30 30 4A 53 2D 35 30 32 38 00 00 00 00 00 00 F6 AA 55 02 31 37 30 34 5A 43 30 30 30 31 00 00 00 00 00 00 E4 AA 55 03 00 00 00 00 00 00 00 00 00 08 00 00 00 00 00 00 03 00 AA 55 04 00 00 00 00 00 00 00 00 00 00 00 00 00 00 00 00 F8 AA 55 05 00 00 00 00 00 00 00 00 00 00 00 00 00 00 00 00 F9 
AA 55 01 30 30 30 4A 53 2D 35 30 32 38 00 00 00 00 00 00 F6 AA 55 02 31 37 30 34 5A 43 30 30 30 31 00 00 00 00 00 00 E4 AA 55 03 00 00 00 00 00 00 00 00 00 08 00 00 00 00 00 00 03 00 AA 55 04 00 00 00 00 00 00 00 00 00 00 00 00 00 00 00 00 F8 AA 55 05 00 00 00 00 00 00 00 00 00 00 00 00 00 00 00 00 F9 
AA 55 01 30 30 30 4A 53 2D 35 30 32 38 00 00 00 00 00 00 F6 AA 55 02 31 37 30 34 5A 43 30 30 30 31 00 00 00 00 00 00 E4 AA 55 03 00 00 00 00 00 00 00 00 00 08 00 00 00 00 00 00 01 00 AA 55 04 00 00 00 00 00 00 00 00 00 00 00 00 00 00 00 00 F8 AA 55 05 00 00 00 00 00 00 00 00 00 00 00 00 00 00 00 00 F9 
AA 55 01 30 30 30 4A 53 2D 35 30 32 38 00 00 00 00 00 00 F6 AA 55 02 31 37 30 34 5A 43 30 30 30 31 00 00 00 00 00 00 E4 AA 55 03 00 00 00 00 00 00 00 00 00 08 00 00 00 00 00 00 03 00 AA 55 04 00 00 00 00 00 00 00 00 00 00 00 00 00 00 00 00 F8 AA 55 05 00 00 00 00 00 00 00 00 00 00 00 00 00 00 00 00 F9 
AA 55 01 30 30 30 4A 53 2D 35 30 32 38 00 00 00 00 00 00 F6 AA 55 02 31 37 30 34 5A 43 30 30 30 31 00 00 00 00 00 00 E4 AA 55 03 00 00 00 00 00 00 00 00 00 08 00 00 00 00 00 00 01 00 AA 55 04 00 00 00 00 00 00 00 00 00 00 00 00 00 00 00 00 F8 AA 55 05 00 00 00 00 00 00 00 00 00 00 00 00 00 00 00 00 F9 
AA 55 01 30 30 30 4A 53 2D 35 30 32 38 00 00 00 00 00 00 F6 AA 55 02 31 37 30 34 5A 43 30 30 30 31 00 00 00 00 00 00 E4 AA 55 03 00 01 00 00 00 00 00 00 00 08 00 00 00 00 00 00 02 00 AA 55 04 00 00 00 00 00 00 00 00 00 00 00 00 00 00 00 00 F8 AA 55 05 00 00 00 00 00 00 00 00 00 00 00 00 00 00 00 00 F9 
AA 55 01 30 30 30 4A 53 2D 35 30 32 38 00 00 00 00 00 00 F6 AA 55 02 31 37 30 34 5A 43 30 30 30 31 00 00 00 00 00 00 E4 AA 55 03 00 02 00 01 00 00 00 00 00 28 00 00 00 00 00 00 00 01 AA 55 04 00 00 00 00 00 00 00 00 00 00 00 00 00 00 00 00 F8 AA 55 05 00 00 00 00 00 00 00 00 00 00 00 00 00 00 00 00 F9 
AA 55 01 30 30 30 4A 53 2D 35 30 32 38 00 00 00 00 00 00 F6 AA 55 02 31 37 30 34 5A 43 30 30 30 31 00 00 00 00 00 00 E4 AA 55 03 00 03 00 02 00 00 00 00 00 28 00 00 00 00 00 00 00 02 AA 55 04 00 00 00 00 00 00 00 00 00 00 00 00 00 00 00 00 F8 AA 55 05 00 00 00 00 00 00 00 00 00 00 00 00 00 00 00 00 F9 
AA 55 01 30 30 30 4A 53 2D 35 30 32 38 00 00 00 00 00 00 F6 AA 55 02 31 37 30 34 5A 43 30 30 30 31 00 00 00 00 00 00 E4 AA 55 03 00 04 00 03 00 00 00 00 00 28 00 00 00 00 00 00 00 03 AA 55 04 00 00 00 00 00 00 00 00 00 00 00 00 00 00 00 00 F8 AA 55 05 00 00 00 00 00 00 00 00 00 00 00 00 00 00 00 00 F9 
AA 55 01 30 30 30 4A 53 2D 35 30 32 38 00 00 00 00 00 00 F6 AA 55 02 31 37 30 34 5A 43 30 30 30 31 00 00 00 00 00 00 E4 AA 55 03 00 05 00 04 00 00 00 00 00 28 00 00 00 00 00 00 00 04 AA 55 04 00 00 00 00 00 00 00 00 00 00 00 00 00 00 00 00 F8 AA 55 05 00 00 00 00 00 00 00 00 00 00 00 00 00 00 00 00 F9 
AA 55 01 30 30 30 4A 53 2D 35 30 32 38 00 00 00 00 00 00 F6 AA 55 02 31 37 30 34 5A 43 30 30 30 31 00 00 00 00 00 00 E4 AA 55 03 00 06 00 05 00 00 00 00 00 28 00 00 00 00 00 00 00 05 AA 55 04 00 00 00 00 00 00 00 00 00 00 00 00 00 00 00 00 F8 AA 55 05 00 00 00 00 00 00 00 00 00 00 00 00 00 00 00 00 F9 
AA 55 01 30 30 30 4A 53 2D 35 30 32 38 00 00 00 00 00 00 F6 AA 55 02 31 37 30 34 5A 43 30 30 30 31 00 00 00 00 00 00 E4 AA 55 03 00 07 00 06 00 00 00 00 00 28 00 00 00 00 00 00 02 06 AA 55 04 00 00 00 00 00 00 00 00 00 00 00 00 00 00 00 00 F8 AA 55 05 00 00 00 00 00 00 00 00 00 00 00 00 00 00 00 00 F9 
AA 55 01 30 30 30 4A 53 2D 35 30 32 38 00 00 00 00 00 00 F6 AA 55 02 31 37 30 34 5A 43 30 30 30 31 00 00 00 00 00 00 E4 AA 55 03 00 08 00 08 00 00 00 00 00 28 00 00 00 00 00 00 03 08 AA 55 04 00 00 00 00 00 00 00 00 00 00 00 00 00 00 00 00 F8 AA 55 05 00 00 00 00 00 00 00 00 00 00 00 00 00 00 00 00 F9 
AA 55 01 30 30 30 4A 53 2D 35 30 32 38 00 00 00 00 00 00 F6 AA 55 02 31 37 30 34 5A 43 30 30 30 31 00 00 00 00 00 00 E4 AA 55 03 00 09 00 09 00 00 00 00 00 28 00 00 00 00 00 00 03 09 AA 55 04 00 00 00 00 00 00 00 00 00 00 00 00 00 00 00 00 F8 AA 55 05 00 00 00 00 00 00 00 00 00 00 00 00 00 00 00 00 F9 
AA 55 01 30 30 30 4A 53 2D 35 30 32 38 00 00 00 00 00 00 F6 AA 55 02 31 37 30 34 5A 43 30 30 30 31 00 00 00 00 00 00 E4 AA 55 03 00 0A 00 0A 00 00 00 00 00 28 00 00 00 00 00 00 03 0A AA 55 04 00 00 00 00 00 00 00 00 00 00 00 00 00 00 00 00 F8 AA 55 05 00 00 00 00 00 00 00 00 00 00 00 00 00 00 00 00 F9 
AA 55 01 30 30 30 4A 53 2D 35 30 32 38 00 00 00 00 00 00 F6 AA 55 02 31 37 30 34 5A 43 30 30 30 31 00 00 00 00 00 00 E4 AA 55 03 00 0B 00 0B 00 00 00 00 00 28 00 00 00 00 00 00 03 0B AA 55 04 00 00 00 00 00 00 00 00 00 00 00 00 00 00 00 00 F8 AA 55 05 00 00 00 00 00 00 00 00 00 00 00 00 00 00 00 00 F9 
AA 55 01 30 30 30 4A 53 2D 35 30 32 38 00 00 00 00 00 00 F6 AA 55 02 31 37 30 34 5A 43 30 30 30 31 00 00 00 00 00 00 E4 AA 55 03 00 0C 00 0C 00 00 00 00 00 28 00 00 00 00 00 00 03 0C AA 55 04 00 00 00 00 00 00 00 00 00 00 00 00 00 00 00 00 F8 AA 55 05 00 00 00 00 00 00 00 00 00 00 00 00 00 00 00 00 F9  